12742810 92647
12742809 90100
12742808 34465
12742807 52331
12742806 48435
12742805 47188
12742804 43760
12742803 21631
12742802 81464
12742801 31439
12742800 31808
12742799 02542
12742798 29010
12742797 77259
12742796 38508
12742795 58691
12742794 47842
12742793 82152
12742792 73590
12742791 91914
12742790 45611
12742789 23581
12742788 74633
12742787 61778
12742786 53330
12742785 79212
12742784 09535
12742783 50924
12742782 19903
12742781 76659
12742780 75882
12742779 82307
12742778 62493
12742777 52462
12742776 00172
12742775 28849
12742774 57676
12742773 32879
12742772 13867
12742771 88534
12742770 99689
12742769 75970
12742768 71895
12742767 78104
12742766 21835
12742765 54872
12742764 73168
12742763 16558
12742762 44185
12742761 13993
12742760 26325
12742759 37453
12742758 84498
12742757 71524
12742756 30158
12742755 95862
12742754 14461
12742753 03372
12742752 03769
12742751 69603
12742750 40719
12742749 82015
12742748 42272
12742747 81733
12742746 69001
12742745 83738
12742744 73477
12742743 48293
12742742 17591
12742741 70871
12742740 29967
12742739 10080
12742738 37563
12742737 42660
12742736 93622
12742735 13042
12742734 76429
12742733 45047
12742732 20009
12742731 06057
12742730 96860
12742729 60919
12742728 23017
12742727 51310
12742726 74894
12742725 77222
12742724 55312
12742723 67409
12742722 07072
12742721 29078
12742720 56228
12742719 08331
12742718 01325
12742717 39249
12742716 49939
12742715 83614
12742714 06495
12742713 44046
12742712 60724
12742711 51903
12742710 78151
12742709 48091
12742708 61352
12742707 87129
12742706 88837
12742705 20712
12742704 54771
12742703 49855
12742702 06088
12742701 20593
12742700 59072
12742699 99565
12742698 27151
12742697 58058
12742696 23521
12742695 69203
12742694 37410
12742693 11418
12742692 44040
12742691 85641
12742690 52029
12742689 58516
12742688 92682
12742687 19680
12742686 22331
12742685 53142
12742684 50128
12742683 54400
12742682 24160
12742681 95574
12742680 46006
12742679 59137
12742678 57729
12742677 53371
12742676 97778
12742675 15234
12742674 69950
12742673 76141
12742672 18026
12742671 78698
12742670 58555
12742669 26376
12742668 96024
12742667 20554
12742666 97511
12742665 60854
12742664 51083
12742663 35046
12742662 11646
12742661 36888
12742660 92936
12742659 56508
12742658 80736
12742657 34704
12742656 49782
12742655 42752
12742654 23575
12742653 16340
12742652 68576
12742651 18419
12742650 23327
12742649 65636
12742648 81723
12742647 39883
12742646 01749
12742645 87165
12742644 44934
12742643 07027
12742642 81824
12742641 55966
12742640 63678
12742639 66487
12742638 96919
12742637 99445
12742636 89560
12742635 29675
12742634 02064
12742633 59296
12742632 02736
12742631 88625
12742630 23612
12742629 33903
12742628 97422
12742627 52726
12742626 61151
12742625 98429
12742624 47075
12742623 39688
12742622 15939
12742621 13308
12742620 25325
12742619 00767
12742618 71343
12742617 72142
12742616 58027
12742615 98407
12742614 66473
12742613 39355
12742612 00624
12742611 91749
12742610 55204
12742609 61130
12742608 81759
12742607 97780
12742606 06755
12742605 59656
12742604 38043
12742603 97909
12742602 13935
12742601 93441
12742600 39740
12742599 80189
12742598 18332
12742597 70042
12742596 73905
12742595 50709
12742594 55808
12742593 20963
12742592 16522
12742591 27692
12742590 64969
12742589 12984
12742588 92897
12742587 60563
12742586 61644
12742585 33440
12742584 80984
12742583 07513
12742582 70921
12742581 28392
12742580 19168
12742579 66989
12742578 12168
12742577 70427
12742576 13352
12742575 29416
12742574 80802
12742573 61551
12742572 65747
12742571 68992
12742570 64760
12742569 73143
12742568 14157
12742567 10377
12742566 15285
12742565 11822
12742564 32082
12742563 17097
12742562 15025
12742561 17193
12742560 21120
12742559 59802
12742558 70780
12742557 46942
12742556 97897
12742555 59197
12742554 19807
12742553 78836
12742552 18052
12742551 84591
12742550 45195
12742549 71099
12742548 04759
12742547 51038
12742546 33770
12742545 64316
12742544 11466
12742543 44409
12742542 78181
12742541 65200
12742540 95337
12742539 55065
12742538 51259
12742537 59160
12742536 81952
12742535 14799
12742534 82974
12742533 21887
12742532 37797
12742531 89596
12742530 20410
12742529 54326
12742528 89723
12742527 24810
12742526 60517
12742525 75683
12742524 13901
12742523 23889
12742522 48702
12742521 28782
12742520 48845
12742519 58780
12742518 32746
12742517 44549
12742516 55245
12742515 22491
12742514 29275
12742513 19531
12742512 44449
12742511 06832
12742510 88603
12742509 93151
12742508 26150
12742507 06518
12742506 32198
12742505 62612
12742504 08213
12742503 49905
12742502 53680
12742501 28267
12742500 62485
12742499 36758
12742498 23043
12742497 99674
12742496 94173
12742495 02644
12742494 40783
12742493 68287
12742492 72941
12742491 46685
12742490 25615
12742489 64074
12742488 14328
12742487 35408
12742486 00962
12742485 56420
12742484 21017
12742483 36743
12742482 78384
12742481 14515
12742480 29067
12742479 95916
12742478 55600
12742477 61979
12742476 73438
12742475 99634
12742474 89644
12742473 62580
12742472 58270
12742471 78385
12742470 00183
12742469 92482
12742468 49802
12742467 64212
12742466 30282
12742465 12955
12742464 82409
12742463 58342
12742462 38423
12742461 77363
12742460 07897
12742459 56402
12742458 59074
12742457 91212
12742456 06074
12742455 22442
12742454 23660
12742453 25893
12742452 32778
12742451 49021
12742450 15474
12742449 07184
12742448 92318
12742447 05709
12742446 68250
12742445 70719
12742444 88206
12742443 58736
12742442 07872
12742441 37377
12742440 93146
12742439 68281
12742438 10142
12742437 81780
12742436 66889
12742435 00099
12742434 91497
12742433 95809
12742432 65524
12742431 64260
12742430 11974
12742429 36243
12742428 05708
12742427 58469
12742426 89153
12742425 31526
12742424 30426
12742423 17534
12742422 85522
12742421 70290
12742420 90427
12742419 46755
12742418 35973
12742417 65654
12742416 75879
12742415 09781
12742414 06564
12742413 84609
12742412 28129
12742411 68635
12742410 91240
12742409 52518
12742408 58018
12742407 14042
12742406 73317
12742405 24359
12742404 01275
12742403 92140
12742402 56894
12742401 87797
12742400 98223
12742399 42846
12742398 23533
12742397 53337
12742396 29694
12742395 91862
12742394 82254
12742393 83966
12742392 69615
12742391 62364
12742390 47037
12742389 11638
12742388 09955
12742387 25303
12742386 03049
12742385 80229
12742384 17977
12742383 06403
12742382 79397
12742381 70094
12742380 33673
12742379 24088
12742378 13320
12742377 89913
12742376 07995
12742375 02927
12742374 32210
12742373 08523
12742372 00437
12742371 73327
12742370 37266
12742369 82825
12742368 57044
12742367 52961
12742366 08560
12742365 81035
12742364 53138
12742363 50992
12742362 26348
12742361 83047
12742360 31024
12742359 70776
12742358 79508
12742357 21813
12742356 42485
12742355 23693
12742354 28013
12742353 14496
12742352 38386
12742351 95788
12742350 85473
12742349 05876
12742348 46809
12742347 51556
12742346 44264
12742345 40460
12742344 87423
12742343 01838
12742342 30479
12742341 11870
12742340 86047
12742339 53400
12742338 22039
12742337 23730
12742336 99419
12742335 97638
12742334 71368
12742333 64949
12742332 28813
12742331 09488
12742330 87369
12742329 25148
12742328 59010
12742327 07963
12742326 10407
12742325 56668
12742324 77486
12742323 62390
12742322 26963
12742321 11754
12742320 28291
12742319 89560
12742318 86081
12742317 66383
12742316 86510
12742315 11681
12742314 53130
12742313 74326
12742312 29115
12742311 39668
12742310 76175
12742309 10395
12742308 36636
12742307 95522
12742306 07142
12742305 59941
12742304 11820
12742303 76947
12742302 63677
12742301 15027
12742300 78429
12742299 54625
12742298 86788
12742297 82690
12742296 55822
12742295 17669
12742294 65311
12742293 20944
12742292 08758
12742291 05697
12742290 87930
12742289 34456
12742288 34742
12742287 82838
12742286 77212
12742285 03320
12742284 42141
12742283 34620
12742282 36672
12742281 46453
12742280 22596
12742279 73124
12742278 84015
12742277 36680
12742276 50284
12742275 84442
12742274 32567
12742273 96623
12742272 62528
12742271 99097
12742270 19393
12742269 21602
12742268 37420
12742267 11546
12742266 84771
12742265 42638
12742264 64003
12742263 75985
12742262 57346
12742261 95853
12742260 24013
12742259 99364
12742258 75791
12742257 26281
12742256 79866
12742255 96000
12742254 93772
12742253 30395
12742252 99916
12742251 47372
12742250 24205
12742249 72765
12742248 85218
12742247 33474
12742246 92945
12742245 81900
12742244 97994
12742243 65572
12742242 60414
12742241 02219
12742240 98235
12742239 06374
12742238 00234
12742237 05145
12742236 94205
12742235 69594
12742234 35392
12742233 11248
12742232 56079
12742231 52407
12742230 15553
12742229 57386
12742228 60791
12742227 84253
12742226 32575
12742225 43377
12742224 16088
12742223 37535
12742222 71659
12742221 80333
12742220 87708
12742219 13750
12742218 13139
12742217 36902
12742216 80254
12742215 92978
12742214 46320
12742213 35464
12742212 69784
12742211 46472
12742210 85950
12742209 42468
12742208 60832
12742207 04980
12742206 89099
12742205 70817
12742204 23818
12742203 45239
12742202 80085
12742201 70114
12742200 23871
12742199 63619
12742198 25417
12742197 96596
12742196 02776
12742195 31283
12742194 36429
12742193 42760
12742192 51151
12742191 57236
12742190 60230
12742189 29060
12742188 83649
12742187 62417
12742186 48243
12742185 16634
12742184 63239
12742183 74456
12742182 76543
12742181 68124
12742180 74303
12742179 16022
12742178 46046
12742177 28912
12742176 87654
12742175 82605
12742174 60148
12742173 60893
12742172 16647
12742171 64224
12742170 79536
12742169 00412
12742168 21662
12742167 45382
12742166 10829
12742165 46359
12742164 50839
12742163 76766
12742162 58892
12742161 73909
12742160 63805
12742159 65391
12742158 11304
12742157 64463
12742156 95534
12742155 12186
12742154 87766
12742153 35247
12742152 21069
12742151 64146
12742150 99920
12742149 85831
12742148 85782
12742147 45065
12742146 64603
12742145 18077
12742144 98151
12742143 36850
12742142 74954
12742141 66680
12742140 74109
12742139 62480
12742138 47799
12742137 15819
12742136 80743
12742135 61865
12742134 53254
12742133 76763
12742132 69390
12742131 45219
12742130 71969
12742129 60260
12742128 41024
12742127 61130
12742126 34283
12742125 43493
12742124 01940
12742123 67782
12742122 53172
12742121 70534
12742120 03897
12742119 74812
12742118 40519
12742117 58764
12742116 29161
12742115 24525
12742114 25120
12742113 45993
12742112 70841
12742111 88717
12742110 15388
12742109 73183
12742108 47354
12742107 21553
12742106 27114
12742105 70067
12742104 77324
12742103 90194
12742102 40509
12742101 74118
12742100 62671
12742099 12345
12742098 82087
12742097 95776
12742096 02003
12742095 81706
12742094 12111
12742093 73567
12742092 84919
12742091 43869
12742090 02701
12742089 90997
12742088 42502
12742087 57971
12742086 13309
12742085 13271
12742084 57499
12742083 32240
12742082 51011
12742081 29345
12742080 78002
12742079 54594
12742078 79455
12742077 13172
12742076 03182
12742075 16800
12742074 36181
12742073 67843
12742072 38190
12742071 69635
12742070 62797
12742069 71367
12742068 88794
12742067 21392
12742066 89805
12742065 34962
12742064 20423
12742063 02234
12742062 36523
12742061 96290
12742060 00068
12742059 61000
12742058 21584
12742057 22916
12742056 92941
12742055 12859
12742054 17052
12742053 35242
12742052 94732
12742051 99147
12742050 88047
12742049 29966
12742048 86767
12742047 17475
12742046 70103
12742045 27368
12742044 52644
12742043 16254
12742042 57609
12742041 20117
12742040 18188
12742039 65759
12742038 67856
12742037 46475
12742036 02631
12742035 46391
12742034 07049
12742033 33275
12742032 68992
12742031 90095
12742030 19010
12742029 38691
12742028 75069
12742027 75485
12742026 62988
12742025 81634
12742024 10987
12742023 17120
12742022 46129
12742021 05326
12742020 79965
12742019 99116
12742018 57198
12742017 26927
12742016 56935
12742015 88218
12742014 91587
12742013 88712
12742012 68599
12742011 27204
12742010 53713
12742009 91042
12742008 76870
12742007 12402
12742006 07493
12742005 04251
12742004 13518
12742003 69020
12742002 46408
12742001 44582
12742000 71223
12741999 39946
12741998 85827
12741997 14553
12741996 31555
12741995 63177
12741994 07006
12741993 01470
12741992 50979
12741991 70461
12741990 56377
12741989 58670
12741988 12313
12741987 32786
12741986 25413
12741985 82072
12741984 01710
12741983 97443
12741982 22394
12741981 08084
12741980 54048
12741979 21957
12741978 05812
12741977 63112
12741976 75398
12741975 34481
12741974 87794
12741973 49797
12741972 28123
12741971 00987
12741970 79685
12741969 58030
12741968 84880
12741967 98901
12741966 95303
12741965 25432
12741964 39416
12741963 13894
12741962 83448
12741961 01392
12741960 51578
12741959 84988
12741958 49398
12741957 80141
12741956 10233
12741955 43519
12741954 64915
12741953 78766
12741952 72626
12741951 07782
12741950 16572
12741949 71565
12741948 94949
12741947 92785
12741946 56684
12741945 12753
12741944 94433
12741943 65256
12741942 78788
12741941 37372
12741940 88207
12741939 32383
12741938 99627
12741937 45363
12741936 26452
12741935 71017
12741934 82989
12741933 87803
12741932 02592
12741931 84807
12741930 40679
12741929 60849
12741928 62146
12741927 88315
12741926 58134
12741925 35332
12741924 94230
12741923 52182
12741922 44535
12741921 61273
12741920 55547
12741919 64457
12741918 81757
12741917 19538
12741916 96984
12741915 09046
12741914 76866
12741913 02013
12741912 83373
12741911 33293
12741910 23750
12741909 98699
12741908 73806
12741907 66644
12741906 90218
12741905 99303
12741904 91002
12741903 27462
12741902 99107
12741901 46439
12741900 12788
12741899 62910
12741898 52926
12741897 75270
12741896 58857
12741895 76731
12741894 89718
12741893 11388
12741892 04079
12741891 68762
12741890 73113
12741889 74280
12741888 51734
12741887 36468
12741886 37770
12741885 35668
12741884 67742
12741883 85858
12741882 76334
12741881 08791
12741880 79002
12741879 17056
12741878 16503
12741877 06530
12741876 46367
12741875 61002
12741874 60817
12741873 48996
12741872 77304
12741871 95847
12741870 82438
12741869 39717
12741868 41825
12741867 50986
12741866 33545
12741865 20727
12741864 14895
12741863 70467
12741862 41294
12741861 68521
12741860 48391
12741859 82530
12741858 41055
12741857 47382
12741856 72567
12741855 94531
12741854 33940
12741853 04360
12741852 77866
12741851 00048
12741850 77302
12741849 11766
12741848 20184
12741847 02219
12741846 62828
12741845 36980
12741844 19194
12741843 63428
12741842 72896
12741841 10723
12741840 23433
12741839 63240
12741838 02982
12741837 46254
12741836 24746
12741835 06804
12741834 32878
12741833 28120
12741832 32618
12741831 74969
12741830 32216
12741829 68555
12741828 55568
12741827 10909
12741826 11466
12741825 33572
12741824 53282
12741823 52855
12741822 35382
12741821 38473
12741820 80651
12741819 69404
12741818 64323
12741817 41500
12741816 61439
12741815 09293
12741814 53568
12741813 78233
12741812 89855
12741811 27941
12741810 42207
12741809 33052
12741808 08285
12741807 50783
12741806 85103
12741805 68239
12741804 64994
12741803 12436
12741802 49630
12741801 12932
12741800 17899
12741799 64154
12741798 28653
12741797 67914
12741796 99375
12741795 63258
12741794 50552
12741793 15270
12741792 67329
12741791 95516
12741790 02350
12741789 87530
12741788 75340
12741787 68433
12741786 70811
12741785 55254
12741784 76801
12741783 00158
12741782 13964
12741781 37199
12741780 33808
12741779 25912
12741778 58430
12741777 07052
12741776 73502
12741775 81274
12741774 62230
12741773 26735
12741772 49228
12741771 24901
12741770 67568
12741769 29744
12741768 21973
12741767 25767
12741766 78469
12741765 54530
12741764 07413
12741763 40714
12741762 85782
12741761 92659
12741760 66847
12741759 20568
12741758 89929
12741757 15240
12741756 13959
12741755 71546
12741754 67791
12741753 17744
12741752 98155
12741751 15630
12741750 21802
12741749 49906
12741748 00325
12741747 57922
12741746 53504
12741745 49881
12741744 70200
12741743 04151
12741742 77308
12741741 84075
12741740 50877
12741739 51004
12741738 66686
12741737 95418
12741736 19725
12741735 94976
12741734 29103
12741733 53397
12741732 68145
12741731 07964
12741730 09286
12741729 06779
12741728 27859
12741727 12961
12741726 65573
12741725 02558
12741724 86755
12741723 61524
12741722 88013
12741721 64638
12741720 45019
12741719 71028
12741718 68866
12741717 15168
12741716 38824
12741715 56439
12741714 81427
12741713 41335
12741712 35001
12741711 55084
12741710 59861
12741709 17408
12741708 90957
12741707 36967
12741706 02574
12741705 21761
12741704 06158
12741703 74865
12741702 70675
12741701 63223
12741700 65910
12741699 73136
12741698 40764
12741697 34599
12741696 20961
12741695 27665
12741694 62173
12741693 63412
12741692 68835
12741691 63544
12741690 87048
12741689 85714
12741688 77925
12741687 09796
12741686 31199
12741685 20037
12741684 07623
12741683 87876
12741682 60439
12741681 98223
12741680 22393
12741679 46154
12741678 49086
12741677 47863
12741676 66807
12741675 84434
12741674 32008
12741673 79549
12741672 36264
12741671 84907
12741670 38646
12741669 31915
12741668 88135
12741667 10496
12741666 86103
12741665 03602
12741664 13957
12741663 41586
12741662 17779
12741661 56703
12741660 97037
12741659 57932
12741658 78248
12741657 51122
12741656 79861
12741655 15779
12741654 53650
12741653 25132
12741652 77123
12741651 85184
12741650 87793
12741649 59042
12741648 83342
12741647 81546
12741646 07101
12741645 16705
12741644 96256
12741643 30232
12741642 50834
12741641 87834
12741640 09358
12741639 16051
12741638 92309
12741637 84598
12741636 69303
12741635 86850
12741634 02455
12741633 64065
12741632 74290
12741631 92085
12741630 54752
12741629 48398
12741628 76563
12741627 27208
12741626 66333
12741625 74079
12741624 83758
12741623 29978
12741622 67618
12741621 75295
12741620 72582
12741619 44824
12741618 67633
12741617 06056
12741616 63693
12741615 24451
12741614 43875
12741613 95158
12741612 47339
12741611 60820
12741610 10026
12741609 54437
12741608 21875
12741607 57686
12741606 06069
12741605 02185
12741604 35104
12741603 30084
12741602 28582
12741601 63298
12741600 55751
12741599 29817
12741598 12298
12741597 85641
12741596 02856
12741595 74992
12741594 41288
12741593 60078
12741592 62742
12741591 67660
12741590 69759
12741589 80719
12741588 18643
12741587 97467
12741586 67106
12741585 29204
12741584 14800
12741583 49860
12741582 63327
12741581 12772
12741580 07648
12741579 12188
12741578 90376
12741577 81677
12741576 27791
12741575 17599
12741574 97904
12741573 65644
12741572 15787
12741571 40326
12741570 69090
12741569 28403
12741568 24890
12741567 16164
12741566 20443
12741565 02873
12741564 15459
12741563 72428
12741562 09558
12741561 29637
12741560 22089
12741559 51710
12741558 25241
12741557 46451
12741556 53648
12741555 95587
12741554 81038
12741553 04463
12741552 74653
12741551 07502
12741550 81680
12741549 80430
12741548 59188
12741547 26831
12741546 68206
12741545 36168
12741544 42466
12741543 43318
12741542 45455
12741541 82630
12741540 92365
12741539 38552
12741538 49371
12741537 45748
12741536 20661
12741535 48802
12741534 04836
12741533 44081
12741532 65085
12741531 82673
12741530 71422
12741529 06512
12741528 04870
12741527 26913
12741526 77886
12741525 16513
12741524 14849
12741523 25686
12741522 07795
12741521 23350
12741520 29406
12741519 16485
12741518 69327
12741517 65803
12741516 61477
12741515 90746
12741514 61569
12741513 59073
12741512 16180
12741511 43514
12741510 01003
12741509 01884
12741508 57179
12741507 20001
12741506 40767
12741505 01973
12741504 11089
12741503 07354
12741502 74442
12741501 56816
12741500 84107
12741499 46670
12741498 08811
12741497 83981
12741496 89611
12741495 80768
12741494 21095
12741493 71317
12741492 25128
12741491 03541
12741490 53882
12741489 38485
12741488 15863
12741487 04050
12741486 43679
12741485 27110
12741484 20526
12741483 76160
12741482 88912
12741481 64097
12741480 33493
12741479 99129
12741478 38020
12741477 06847
12741476 56226
12741475 51182
12741474 12531
12741473 41354
12741472 20038
12741471 86419
12741470 99664
12741469 79173
12741468 99478
12741467 65255
12741466 19768
12741465 74472
12741464 36222
12741463 52049
12741462 79353
12741461 62067
12741460 60816
12741459 23886
12741458 20573
12741457 49982
12741456 80439
12741455 09041
12741454 36425
12741453 51261
12741452 45834
12741451 53110
12741450 89481
12741449 68630
12741448 88198
12741447 48913
12741446 50323
12741445 50996
12741444 07552
12741443 90702
12741442 37508
12741441 67864
12741440 75697
12741439 35515
12741438 35403
12741437 92389
12741436 35234
12741435 15975
12741434 83248
12741433 74651
12741432 25818
12741431 19682
12741430 90053
12741429 17641
12741428 25317
12741427 55729
12741426 70013
12741425 20110
12741424 54134
12741423 30142
12741422 09563
12741421 03366
12741420 08990
12741419 36737
12741418 22545
12741417 09641
12741416 89626
12741415 57636
12741414 79387
12741413 74107
12741412 55307
12741411 95178
12741410 13057
12741409 78931
12741408 34022
12741407 72823
12741406 51969
12741405 15248
12741404 46787
12741403 12725
12741402 69388
12741401 94130
12741400 94953
12741399 66216
12741398 01904
12741397 41242
12741396 72889
12741395 93972
12741394 53995
12741393 04262
12741392 32996
12741391 99677
12741390 63192
12741389 02214
12741388 13155
12741387 34400
12741386 65960
12741385 18258
12741384 66023
12741383 76345
12741382 86520
12741381 37375
12741380 18014
12741379 88779
12741378 70374
12741377 06355
12741376 81819
12741375 55243
12741374 98788
12741373 10663
12741372 90265
12741371 97863
12741370 00428
12741369 61659
12741368 50784
12741367 94694
12741366 25254
12741365 79482
12741364 98143
12741363 57315
12741362 75097
12741361 33689
12741360 03594
12741359 60344
12741358 67967
12741357 24355
12741356 52906
12741355 38624
12741354 00987
12741353 27780
12741352 06005
12741351 95258
12741350 48645
12741349 33216
12741348 06009
12741347 67983
12741346 37027
12741345 52606
12741344 05922
12741343 24727
12741342 61553
12741341 17760
12741340 66422
12741339 41374
12741338 02089
12741337 89057
12741336 67008
12741335 25382
12741334 73414
12741333 73317
12741332 34996
12741331 91242
12741330 92921
12741329 71602
12741328 55432
12741327 38891
12741326 72336
12741325 35061
12741324 45923
12741323 10706
12741322 74836
12741321 27121
12741320 04727
12741319 28733
12741318 97966
12741317 57575
12741316 09686
12741315 52875
12741314 95295
12741313 16531
12741312 99297
12741311 29918
12741310 96095
12741309 32145
12741308 32167
12741307 33844
12741306 49024
12741305 41975
12741304 07706
12741303 00584
12741302 87008
12741301 55288
12741300 27898
12741299 13442
12741298 86336
12741297 23149
12741296 13272
12741295 56576
12741294 62484
12741293 79285
12741292 99574
12741291 96557
12741290 91886
12741289 78734
12741288 97420
12741287 76375
12741286 38570
12741285 98276
12741284 55762
12741283 34870
12741282 14691
12741281 66570
12741280 50976
12741279 82667
12741278 86091
12741277 27805
12741276 71901
12741275 56720
12741274 13628
12741273 26051
12741272 13191
12741271 75814
12741270 68713
12741269 23582
12741268 68858
12741267 18068
12741266 18871
12741265 32835
12741264 81896
12741263 10436
12741262 86674
12741261 17423
12741260 03567
12741259 07743
12741258 35474
12741257 39718
12741256 90447
12741255 93231
12741254 38251
12741253 32769
12741252 63678
12741251 56207
12741250 56151
12741249 44456
12741248 38000
12741247 38729
12741246 80775
12741245 27181
12741244 36720
12741243 69070
12741242 04713
12741241 50919
12741240 85907
12741239 51126
12741238 18115
12741237 85018
12741236 34673
12741235 06608
12741234 19253
12741233 02912
12741232 11764
12741231 26869
12741230 94364
12741229 81931
12741228 88039
12741227 85694
12741226 12566
12741225 18098
12741224 94156
12741223 67860
12741222 50106
12741221 14540
12741220 51798
12741219 37759
12741218 97988
12741217 39586
12741216 83970
12741215 00615
12741214 49939
12741213 38091
12741212 41035
12741211 50842
12741210 94343
12741209 17888
12741208 87785
12741207 23860
12741206 23357
12741205 95468
12741204 79753
12741203 41120
12741202 13651
12741201 42446
12741200 40410
12741199 47162
12741198 87718
12741197 56121
12741196 11795
12741195 45972
12741194 61491
12741193 33274
12741192 54159
12741191 05540
12741190 96008
12741189 85641
12741188 00664
12741187 73327
12741186 26031
12741185 75598
12741184 99369
12741183 90083
12741182 30486
12741181 37948
12741180 30697
12741179 96057
12741178 25779
12741177 66954
12741176 44523
12741175 14446
12741174 10001
12741173 06376
12741172 14506
12741171 33169
12741170 80830
12741169 43693
12741168 33830
12741167 04208
12741166 27060
12741165 94652
12741164 07287
12741163 27209
12741162 84592
12741161 43511
12741160 60141
12741159 02430
12741158 54817
12741157 37806
12741156 35987
12741155 67534
12741154 69758
12741153 60712
12741152 66409
12741151 62212
12741150 46972
12741149 39970
12741148 23874
12741147 93815
12741146 65021
12741145 84038
12741144 30949
12741143 16757
12741142 77590
12741141 36279
12741140 45306
12741139 76796
12741138 68417
12741137 53237
12741136 85824
12741135 20464
12741134 94802
12741133 68614
12741132 39346
12741131 93807
12741130 86152
12741129 50870
12741128 56423
12741127 04066
12741126 52679
12741125 62644
12741124 12847
12741123 50686
12741122 71903
12741121 10721
12741120 50568
12741119 78173
12741118 14588
12741117 79073
12741116 30754
12741115 09552
12741114 48261
12741113 92511
12741112 46121
12741111 49851
12741110 51924
12741109 99817
12741108 14459
12741107 49412
12741106 38608
12741105 76295
12741104 44435
12741103 71316
12741102 32254
12741101 90613
12741100 86149
12741099 74521
12741098 24221
12741097 55074
12741096 89590
12741095 61321
12741094 16466
12741093 21197
12741092 70403
12741091 34241
12741090 02556
12741089 01546
12741088 41384
12741087 96750
12741086 91622
12741085 63647
12741084 99415
12741083 13840
12741082 65540
12741081 60119
12741080 28495
12741079 15956
12741078 10730
12741077 87193
12741076 67385
12741075 66216
12741074 63820
12741073 70372
12741072 43689
12741071 15166
12741070 12189
12741069 83130
12741068 12482
12741067 14518
12741066 28104
12741065 84015
12741064 25140
12741063 96585
12741062 46146
12741061 87442
12741060 52276
12741059 72586
12741058 78487
12741057 98459
12741056 24873
12741055 56313
12741054 65699
12741053 36711
12741052 59348
12741051 53691
12741050 38702
12741049 67900
12741048 00258
12741047 34804
12741046 98272
12741045 89215
12741044 55547
12741043 27490
12741042 53772
12741041 33798
12741040 65438
12741039 56665
12741038 29020
12741037 68426
12741036 35437
12741035 57677
12741034 72429
12741033 39398
12741032 40992
12741031 07690
12741030 45825
12741029 40032
12741028 68398
12741027 68284
12741026 77631
12741025 36439
12741024 09481
12741023 88095
12741022 51033
12741021 80638
12741020 46670
12741019 66528
12741018 79694
12741017 99559
12741016 23800
12741015 03953
12741014 16296
12741013 54631
12741012 40447
12741011 50569
12741010 47197
12741009 93716
12741008 31034
12741007 92160
12741006 39246
12741005 63103
12741004 37947
12741003 96474
12741002 29591
12741001 66464
12741000 58423
12740999 79997
12740998 53749
12740997 91816
12740996 26975
12740995 23108
12740994 27031
12740993 95255
12740992 54311
12740991 44174
12740990 52547
12740989 49795
12740988 32202
12740987 20586
12740986 74269
12740985 89908
12740984 04713
12740983 81962
12740982 25097
12740981 63585
12740980 29909
12740979 87371
12740978 37229
12740977 17409
12740976 07017
12740975 50580
12740974 46442
12740973 01932
12740972 66478
12740971 41523
12740970 58337
12740969 05325
12740968 70926
12740967 32131
12740966 87118
12740965 53665
12740964 13322
12740963 38009
12740962 14480
12740961 17405
12740960 98648
12740959 91021
12740958 93665
12740957 44198
12740956 73210
12740955 01788
12740954 51376
12740953 72928
12740952 07889
12740951 03286
12740950 57064
12740949 74179
12740948 57418
12740947 64769
12740946 59476
12740945 43164
12740944 33897
12740943 01792
12740942 72935
12740941 33555
12740940 59863
12740939 33270
12740938 41674
12740937 89565
12740936 17924
12740935 10329
12740934 01296
12740933 34688
12740932 56312
12740931 15842
12740930 97924
12740929 94511
12740928 15710
12740927 84377
12740926 52182
12740925 27691
12740924 12617
12740923 66127
12740922 35965
12740921 40502
12740920 80865
12740919 75717
12740918 23343
12740917 70824
12740916 97542
12740915 67095
12740914 31702
12740913 22392
12740912 55457
12740911 09378
12740910 66969
12740909 83181
12740908 56467
12740907 17659
12740906 81504
12740905 62478
12740904 19632
12740903 08364
12740902 08763
12740901 10476
12740900 35961
12740899 02073
12740898 11465
12740897 48749
12740896 51575
12740895 47564
12740894 65060
12740893 95786
12740892 78588
12740891 77822
12740890 20360
12740889 86382
12740888 90296
12740887 07154
12740886 52418
12740885 23459
12740884 40681
12740883 91592
12740882 54645
12740881 80858
12740880 08037
12740879 33886
12740878 48752
12740877 15859
12740876 33177
12740875 07390
12740874 30929
12740873 76065
12740872 02973
12740871 14926
12740870 22954
12740869 11117
12740868 84528
12740867 13455
12740866 13815
12740865 86054
12740864 12931
12740863 73789
12740862 61877
12740861 76249
12740860 42234
12740859 86857
12740858 11467
12740857 87890
12740856 69794
12740855 17495
12740854 45679
12740853 32692
12740852 94620
12740851 58440
12740850 27008
12740849 96904
12740848 35358
12740847 18050
12740846 28170
12740845 29207
12740844 48530
12740843 28624
12740842 46279
12740841 56945
12740840 85413
12740839 99414
12740838 12893
12740837 00753
12740836 04736
12740835 82065
12740834 67292
12740833 73415
12740832 66726
12740831 22812
12740830 57923
12740829 04676
12740828 44057
12740827 27877
12740826 66132
12740825 87747
12740824 70038
12740823 09700
12740822 57459
12740821 94031
12740820 85020
12740819 86067
12740818 49660
12740817 57773
12740816 06738
12740815 93418
12740814 51825
12740813 30139
12740812 46821
12740811 05521
12740810 93903
12740809 82446
12740808 34859
12740807 81991
12740806 95675
12740805 39615
12740804 03760
12740803 98810
12740802 13249
12740801 25324
12740800 22978
12740799 02808
12740798 08383
12740797 66636
12740796 19263
12740795 82649
12740794 47791
12740793 16851
12740792 22156
12740791 22037
12740790 93177
12740789 21402
12740788 81008
12740787 51217
12740786 00183
12740785 11795
12740784 80369
12740783 53736
12740782 39171
12740781 95740
12740780 32964
12740779 45279
12740778 91944
12740777 08143
12740776 40894
12740775 86095
12740774 14167
12740773 38794
12740772 59571
12740771 67481
12740770 47825
12740769 43499
12740768 20023
12740767 69076
12740766 12915
12740765 20484
12740764 67688
12740763 96677
12740762 22089
12740761 49662
12740760 81142
12740759 53980
12740758 46938
12740757 69314
12740756 14440
12740755 33751
12740754 22859
12740753 17613
12740752 25314
12740751 91925
12740750 57081
12740749 95301
12740748 90210
12740747 51536
12740746 55691
12740745 88532
12740744 99123
12740743 12876
12740742 51712
12740741 67811
12740740 54266
12740739 76415
12740738 30779
12740737 44548
12740736 37673
12740735 14408
12740734 56892
12740733 92667
12740732 79997
12740731 76805
12740730 63540
12740729 41018
12740728 17120
12740727 81279
12740726 40544
12740725 28468
12740724 14499
12740723 25455
12740722 91413
12740721 33470
12740720 87526
12740719 22942
12740718 00881
12740717 44149
12740716 16270
12740715 26709
12740714 56236
12740713 33491
12740712 79270
12740711 11737
12740710 15455
12740709 33488
12740708 99988
12740707 58764
12740706 49316
12740705 74931
12740704 73192
12740703 52512
12740702 18188
12740701 27834
12740700 74894
12740699 63801
12740698 48101
12740697 23226
12740696 05341
12740695 08829
12740694 89853
12740693 20039
12740692 74879
12740691 32321
12740690 44493
12740689 76617
12740688 85025
12740687 03481
12740686 45319
12740685 72552
12740684 36372
12740683 19475
12740682 71136
12740681 27726
12740680 74830
12740679 68028
12740678 94791
12740677 71616
12740676 30542
12740675 10491
12740674 22009
12740673 91737
12740672 20076
12740671 29851
12740670 97469
12740669 08774
12740668 59811
12740667 45968
12740666 34149
12740665 58837
12740664 42744
12740663 61388
12740662 76454
12740661 46266
12740660 86439
12740659 45865
12740658 28485
12740657 44931
12740656 09651
12740655 39712
12740654 64876
12740653 37781
12740652 69628
12740651 99804
12740650 38189
12740649 89925
12740648 78111
12740647 93171
12740646 76814
12740645 86860
12740644 74885
12740643 35185
12740642 17315
12740641 18961
12740640 56671
12740639 74813
12740638 10207
12740637 58433
12740636 17519
12740635 56944
12740634 82135
12740633 03995
12740632 69296
12740631 87593
12740630 87479
12740629 37427
12740628 33056
12740627 85568
12740626 65772
12740625 93422
12740624 57847
12740623 09140
12740622 69304
12740621 51535
12740620 47255
12740619 55286
12740618 26306
12740617 35620
12740616 13542
12740615 07444
12740614 66629
12740613 12609
12740612 96710
12740611 23756
12740610 14310
12740609 72593
12740608 93288
12740607 61151
12740606 23026
12740605 02313
12740604 05493
12740603 41387
12740602 41448
12740601 07183
12740600 72320
12740599 79414
12740598 67546
12740597 57530
12740596 18526
12740595 45732
12740594 66785
12740593 81798
12740592 96480
12740591 04634
12740590 52742
12740589 06657
12740588 94822
12740587 15956
12740586 43263
12740585 45709
12740584 25039
12740583 67361
12740582 25636
12740581 34350
12740580 78742
12740579 43933
12740578 11402
12740577 96990
12740576 22461
12740575 17864
12740574 33931
12740573 43116
12740572 68001
12740571 39801
12740570 49726
12740569 61175
12740568 42362
12740567 63124
12740566 07778
12740565 07514
12740564 09159
12740563 18264
12740562 95919
12740561 10032
12740560 49327
12740559 77045
12740558 03479
12740557 38678
12740556 98994
12740555 18545
12740554 80248
12740553 19883
12740552 11914
12740551 16413
12740550 63010
12740549 28162
12740548 78870
12740547 61901
12740546 42408
12740545 58761
12740544 76855
12740543 62766
12740542 12831
12740541 48167
12740540 94716
12740539 92870
12740538 66506
12740537 99243
12740536 87516
12740535 56813
12740534 85546
12740533 44737
12740532 12801
12740531 32816
12740530 95910
12740529 78934
12740528 29723
12740527 59537
12740526 62263
12740525 51349
12740524 38578
12740523 41114
12740522 28224
12740521 29304
12740520 27754
12740519 27508
12740518 08765
12740517 80206
12740516 44899
12740515 24080
12740514 95537
12740513 60537
12740512 26802
12740511 51276
12740510 32658
12740509 60499
12740508 91709
12740507 92059
12740506 53892
12740505 28594
12740504 26605
12740503 04447
12740502 14259
12740501 66370
12740500 93470
12740499 42375
12740498 25829
12740497 05690
12740496 70735
12740495 94206
12740494 07132
12740493 11111
12740492 32454
12740491 12304
12740490 72306
12740489 24431
12740488 03888
12740487 12695
12740486 77127
12740485 85511
12740484 16718
12740483 59239
12740482 84817
12740481 18922
12740480 87460
12740479 23141
12740478 80061
12740477 72641
12740476 42098
12740475 98479
12740474 05208
12740473 00018
12740472 96075
12740471 65556
12740470 60608
12740469 02933
12740468 26233
12740467 72792
12740466 40870
12740465 02435
12740464 54224
12740463 18868
12740462 04777
12740461 10111
12740460 09780
12740459 84765
12740458 29980
12740457 44095
12740456 14240
12740455 01834
12740454 26252
12740453 86656
12740452 08911
12740451 54855
12740450 97731
12740449 29293
12740448 80557
12740447 34605
12740446 92062
12740445 71259
12740444 56271
12740443 71943
12740442 81922
12740441 69924
12740440 37317
12740439 43694
12740438 65253
12740437 97295
12740436 30609
12740435 52512
12740434 55412
12740433 46990
12740432 99836
12740431 12891
12740430 10585
12740429 94670
12740428 25110
12740427 22547
12740426 94118
12740425 21705
12740424 46333
12740423 35851
12740422 92568
12740421 03813
12740420 58172
12740419 62131
12740418 87330
12740417 35486
12740416 24431
12740415 46804
12740414 17104
12740413 91632
12740412 54104
12740411 90304
12740410 37347
12740409 56306
12740408 30481
12740407 71781
12740406 68754
12740405 55260
12740404 98397
12740403 47536
12740402 74939
12740401 77631
12740400 95184
12740399 73414
12740398 28101
12740397 91816
12740396 28487
12740395 96434
12740394 81833
12740393 51691
12740392 36441
12740391 91205
12740390 85091
12740389 58573
12740388 51674
12740387 33806
12740386 12286
12740385 66239
12740384 25025
12740383 21852
12740382 88420
12740381 89752
12740380 30394
12740379 44410
12740378 53835
12740377 58705
12740376 92795
12740375 42675
12740374 48283
12740373 47069
12740372 65167
12740371 38931
12740370 75203
12740369 99872
12740368 40663
12740367 82174
12740366 06851
12740365 02081
12740364 96956
12740363 21757
12740362 48850
12740361 80131
12740360 46670
12740359 24730
12740358 90360
12740357 75861
12740356 01105
12740355 90033
12740354 47776
12740353 93288
12740352 30372
12740351 16403
12740350 80593
12740349 98688
12740348 60463